29
1
2
9 0 6 4 0 -1
9 1 6 2 0 2
haar_y4
1.484626e-002 0 -1
-2.544538e-001 5.957894e-001 
1
2
12 3 4 5 0 -1
12 3 2 5 0 2
tilted_haar_y2
3.610677e-004 0 -1
-4.437369e-001 8.615739e-002 
1
2
6 10 4 8 0 -1
6 14 4 4 0 2
haar_y2
-3.345197e-002 0 -1
7.637032e-001 -6.070890e-002 
1
2
6 14 12 4 0 -1
6 16 12 2 0 2
haar_y2
3.498634e-003 0 -1
-2.656195e-001 2.604403e-001 
1
2
10 18 2 2 0 -1
10 19 2 1 0 2
haar_y2
-1.148082e-005 0 -1
2.011541e-001 -3.055018e-001 
1
2
8 6 12 10 0 -1
12 6 4 10 0 3
haar_x3
-5.059468e-002 0 -1
-3.517106e-001 4.612660e-002 
1
2
0 3 4 4 0 -1
1 3 2 4 0 2
haar_x4
1.981240e-003 0 -1
-2.189796e-001 2.943168e-001 
1
2
18 12 3 3 0 -1
17 13 3 1 0 3
tilted_haar_x3
-2.124680e-003 0 -1
-2.587507e-001 8.036484e-002 
1
2
6 12 3 3 0 -1
7 13 1 3 0 3
tilted_haar_x3
-5.941227e-003 0 -1
-7.717016e-001 5.281220e-002 
1
2
18 11 2 2 0 -1
18 11 2 1 0 2
tilted_haar_x2
-5.896916e-003 0 -1
-3.890675e-001 3.825190e-002 
1
2
6 11 2 2 0 -1
6 11 1 2 0 2
tilted_haar_x2
-3.012788e-003 0 -1
-7.034463e-001 8.578424e-002 
1
2
2 11 20 6 0 -1
2 13 20 2 0 3
haar_y3
1.333679e-002 0 -1
-2.217177e-001 2.765725e-001 
1
2
3 1 11 3 0 -1
3 2 11 1 0 3
haar_y3
-2.780186e-003 0 -1
3.267570e-001 -2.152881e-001 
1
2
9 2 11 8 0 -1
9 6 11 4 0 2
haar_y2
-7.561094e-002 0 -1
2.259172e-001 -1.202211e-001 
1
2
10 5 4 12 0 -1
10 11 4 6 0 2
haar_y2
2.366222e-002 0 -1
8.153526e-002 -7.042676e-001 
1
2
18 2 3 16 0 -1
18 2 3 8 0 2
tilted_haar_x2
-5.647130e-002 0 -1
-2.643571e-001 3.472152e-002 
1
2
6 1 18 4 0 -1
6 1 9 4 0 2
tilted_haar_x2
1.123120e-001 0 -1
8.037309e-002 -7.643949e-001 
1
2
10 9 5 6 0 -1
10 11 5 2 0 3
haar_y3
1.186955e-002 0 -1
-1.104655e-001 4.950506e-001 
1
2
9 4 6 8 0 -1
9 6 6 4 0 2
haar_y4
6.391966e-003 0 -1
-1.639113e-001 3.542832e-001 
1
2
21 4 3 2 0 -1
21 4 3 1 0 2
tilted_haar_x2
1.080163e-002 0 -1
-3.855307e-002 4.459567e-001 
1
2
3 4 2 3 0 -1
3 4 1 3 0 2
tilted_haar_x2
-1.871287e-003 0 -1
2.801210e-001 -2.142671e-001 
1
2
6 1 18 5 0 -1
6 1 9 5 0 2
haar_x2
9.715240e-002 0 -1
-9.470481e-002 3.299462e-001 
1
2
0 0 24 18 0 -1
8 6 8 6 0 9
haar_point
-7.948852e-001 0 -1
4.764895e-001 -1.320316e-001 
1
2
4 22 16 2 0 -1
4 23 16 1 0 2
haar_y2
-1.232520e-004 0 -1
2.042625e-001 -3.300447e-001 
1
2
7 13 3 3 0 -1
8 14 1 3 0 3
tilted_haar_x3
-2.745783e-003 0 -1
-4.987969e-001 1.117295e-001 
1
2
10 2 14 2 0 -1
10 2 7 2 0 2
haar_x2
-2.687065e-002 0 -1
-6.081144e-001 3.052425e-002 
1
2
0 2 14 2 0 -1
7 2 7 2 0 2
haar_x2
-1.145543e-002 0 -1
3.117399e-001 -2.104091e-001 
1
2
6 10 18 12 0 -1
12 14 6 4 0 9
haar_point
1.109858e-001 0 -1
-1.258889e-001 1.479508e-001 
1
2
3 17 12 6 0 -1
7 17 4 6 0 3
haar_x3
3.488463e-002 0 -1
-1.306628e-001 4.748299e-001 
-1.139503e+000

11
-1
