23
1
2
9 7 6 4 0 -1
9 9 6 2 0 2
haar_y2
-8.962585e-003 0 -1
4.177158e-001 -3.944737e-001 
1
3
4 10 18 10 0 -1
13 10 9 5 0 2
4 15 9 5 0 2
haar_x2_y2
-2.232466e-002 0 -1
1.976898e-001 -1.440388e-001 
1
2
8 5 1 16 0 -1
8 13 1 8 0 2
haar_y2
8.938608e-003 0 -1
-2.250115e-001 3.966031e-001 
1
2
16 10 1 12 0 -1
13 13 1 6 0 2
tilted_haar_x4
-3.688482e-003 0 -1
2.168830e-001 -7.043196e-002 
1
2
4 21 14 1 0 -1
11 21 7 1 0 2
haar_x2
5.548638e-003 0 -1
-2.325328e-001 3.873226e-001 
1
2
11 4 2 6 0 -1
11 6 2 2 0 3
haar_y3
5.783153e-003 0 -1
1.815363e-001 -6.786015e-001 
1
2
9 7 4 9 0 -1
9 10 4 3 0 3
haar_y3
1.443555e-002 0 -1
-1.720132e-001 5.247139e-001 
1
2
2 11 20 2 0 -1
7 11 10 2 0 2
haar_x4
-2.843131e-002 0 -1
3.331292e-001 -2.298921e-001 
1
2
10 19 4 3 0 -1
10 20 4 1 0 3
haar_y3
2.462950e-003 0 -1
1.225355e-001 -8.775433e-001 
1
2
8 3 12 10 0 -1
12 3 4 10 0 3
haar_x3
-5.738597e-002 0 -1
-4.860097e-001 4.526776e-003 
1
2
4 1 12 12 0 -1
8 1 4 12 0 3
haar_x3
-6.430612e-002 0 -1
-7.805227e-001 1.004796e-001 
1
2
12 6 11 8 0 -1
12 10 11 4 0 2
haar_y2
6.862096e-002 0 -1
3.283335e-002 -8.782467e-001 
1
2
7 16 10 4 0 -1
7 17 10 2 0 2
haar_y4
6.105950e-003 0 -1
9.072782e-002 -6.680910e-001 
1
2
6 16 12 3 0 -1
6 17 12 1 0 3
haar_y3
6.606890e-005 0 -1
-3.478049e-001 2.229050e-001 
1
2
5 7 2 3 0 -1
4 8 2 1 0 3
tilted_haar_y3
3.811330e-003 0 -1
-1.673069e-001 3.982109e-001 
1
2
1 5 22 4 0 -1
1 6 22 2 0 2
haar_y4
-2.076964e-002 0 -1
-8.491920e-001 7.589562e-002 
1
2
0 1 24 12 0 -1
8 5 8 4 0 9
haar_point
-5.590749e-001 0 -1
7.297308e-001 -1.068870e-001 
1
2
22 0 1 6 0 -1
22 0 1 3 0 2
tilted_haar_x2
2.011662e-002 0 -1
6.270630e-002 -7.268690e-001 
1
2
11 4 4 8 0 -1
11 4 4 4 0 2
tilted_haar_y2
-4.783367e-002 0 -1
-7.173273e-001 7.858900e-002 
1
2
7 16 10 3 0 -1
7 17 10 1 0 3
haar_y3
4.450572e-003 0 -1
8.465102e-002 -7.024292e-001 
1
2
0 5 24 6 0 -1
0 8 24 3 0 2
haar_y2
-1.161687e-001 0 -1
-7.886441e-001 6.842899e-002 
1
2
11 5 3 4 0 -1
12 5 1 4 0 3
haar_x3
2.441491e-003 0 -1
-9.516823e-002 4.047878e-001 
1
2
10 5 3 4 0 -1
11 5 1 4 0 3
haar_x3
1.628032e-003 0 -1
-1.587564e-001 4.126768e-001 
-1.211998e+000

9
-1
