11
1
2
3 0 18 6 0 -1
3 2 18 2 0 3
haar_y3
4.501352e-002 0 -1
-2.963441e-001 6.659859e-001 
1
2
16 3 5 6 0 -1
16 3 5 3 0 2
tilted_haar_x2
2.561612e-003 0 -1
-3.509428e-001 1.624665e-001 
1
3
0 1 24 20 0 -1
0 1 12 10 0 2
12 11 12 10 0 2
haar_x2_y2
1.547338e-001 0 -1
-2.726762e-001 5.160787e-001 
1
2
16 7 6 6 0 -1
16 7 3 6 0 2
tilted_haar_y2
-1.299481e-003 0 -1
1.107246e-001 -2.374458e-001 
1
2
10 19 3 3 0 -1
10 20 3 1 0 3
haar_y3
1.638653e-003 0 -1
1.882458e-001 -8.624482e-001 
1
2
11 19 3 3 0 -1
11 20 3 1 0 3
haar_y3
-1.986539e-003 0 -1
-7.871045e-001 1.785793e-001 
1
2
8 7 6 6 0 -1
8 7 6 3 0 2
tilted_haar_y2
-3.302859e-002 0 -1
4.055721e-001 -3.535376e-001 
1
2
0 4 24 16 0 -1
6 4 12 16 0 2
haar_x4
1.160909e-001 0 -1
-2.789485e-001 6.179849e-001 
1
3
9 7 6 2 0 -1
9 7 3 1 0 2
12 8 3 1 0 2
haar_x2_y2
-1.997483e-003 0 -1
-8.271506e-001 1.647965e-001 
1
2
9 6 9 3 0 -1
12 7 3 1 0 9
haar_point
-1.541974e-002 0 -1
-6.694115e-001 1.037690e-001 
1
2
2 20 20 3 0 -1
7 20 10 3 0 2
haar_x4
-1.439550e-002 0 -1
3.674893e-001 -3.036657e-001 
-9.935894e-001

3
-1
