32
1
2
8 7 8 9 0 -1
8 10 8 3 0 3
haar_y3
-5.859072e-002 0 -1
5.033717e-001 -2.522532e-001 
1
3
4 10 18 10 0 -1
13 10 9 5 0 2
4 15 9 5 0 2
haar_x2_y2
-4.893854e-002 0 -1
2.473770e-001 -8.936743e-002 
1
2
5 14 14 3 0 -1
5 15 14 1 0 3
haar_y3
1.040775e-002 0 -1
9.408740e-002 -8.847191e-001 
1
2
14 13 4 7 0 -1
15 14 2 7 0 2
tilted_haar_y4
8.236831e-003 0 -1
3.374169e-002 -2.760625e-001 
1
2
10 13 7 4 0 -1
9 14 7 2 0 2
tilted_haar_y4
2.831209e-003 0 -1
-2.860481e-001 3.829515e-001 
1
3
18 3 4 6 0 -1
20 3 2 3 0 2
18 6 2 3 0 2
haar_x2_y2
-7.558520e-003 0 -1
1.981316e-001 -6.567165e-002 
1
2
4 8 4 4 0 -1
4 8 4 2 0 2
tilted_haar_y2
2.062558e-002 0 -1
-1.546264e-001 4.761133e-001 
1
2
15 5 2 12 0 -1
15 5 2 6 0 2
tilted_haar_x2
1.210608e-004 0 -1
7.733445e-002 -1.693222e-001 
1
2
9 7 6 3 0 -1
9 8 6 1 0 3
haar_y3
4.250664e-003 0 -1
1.172624e-001 -8.342659e-001 
1
2
16 1 4 6 0 -1
17 2 2 6 0 2
tilted_haar_y4
1.368988e-002 0 -1
-1.259561e-002 -4.554481e-001 
1
2
8 1 6 4 0 -1
7 2 6 2 0 2
tilted_haar_y4
1.927256e-003 0 -1
-2.756966e-001 2.573809e-001 
1
2
15 5 2 12 0 -1
15 5 2 6 0 2
tilted_haar_x2
-5.204522e-002 0 -1
-3.254358e-001 4.971728e-002 
1
2
9 5 12 2 0 -1
9 5 6 2 0 2
tilted_haar_x2
-4.125814e-003 0 -1
1.864607e-001 -4.452659e-001 
1
2
17 2 3 14 0 -1
17 2 3 7 0 2
tilted_haar_x2
-3.095905e-002 0 -1
-3.286284e-001 7.419275e-002 
1
2
5 19 12 5 0 -1
11 19 6 5 0 2
haar_x2
-2.684629e-002 0 -1
5.328734e-001 -1.576273e-001 
1
2
3 15 18 3 0 -1
3 16 18 1 0 3
haar_y3
9.206362e-003 0 -1
9.938712e-002 -7.699128e-001 
1
2
8 9 6 4 0 -1
8 9 6 2 0 2
tilted_haar_y2
3.120919e-002 0 -1
-1.155033e-001 6.472480e-001 
1
2
19 7 4 7 0 -1
19 7 2 7 0 2
tilted_haar_y2
-4.419706e-002 0 -1
3.568535e-001 -6.554243e-002 
1
2
5 7 8 4 0 -1
5 7 8 2 0 2
tilted_haar_y2
-1.268450e-002 0 -1
2.605875e-001 -3.191259e-001 
1
2
16 1 4 14 0 -1
16 1 4 7 0 2
tilted_haar_x2
9.185900e-002 0 -1
2.592619e-002 -4.905816e-001 
1
2
4 3 6 18 0 -1
4 12 6 9 0 2
haar_y2
-1.010908e-001 0 -1
5.241792e-001 -1.403981e-001 
1
2
12 5 6 12 0 -1
12 5 3 12 0 2
tilted_haar_y2
8.142938e-002 0 -1
5.223812e-002 -5.885576e-001 
1
2
12 5 12 6 0 -1
12 5 12 3 0 2
tilted_haar_y2
5.333897e-002 0 -1
7.203270e-002 -7.561473e-001 
1
2
1 12 22 8 0 -1
1 16 22 4 0 2
haar_y2
1.137058e-001 0 -1
5.603237e-002 -8.726588e-001 
1
2
7 14 2 3 0 -1
6 15 2 1 0 3
tilted_haar_y3
1.045686e-003 0 -1
-2.159247e-001 2.458663e-001 
1
2
16 11 8 12 0 -1
16 11 4 12 0 2
haar_x2
5.085550e-002 0 -1
-1.288671e-001 3.847610e-001 
1
2
0 11 8 12 0 -1
4 11 4 12 0 2
haar_x2
-2.115352e-002 0 -1
3.288170e-001 -2.585625e-001 
1
2
23 0 1 6 0 -1
23 0 1 3 0 2
tilted_haar_x2
1.992115e-002 0 -1
2.112041e-002 -5.392118e-001 
1
2
1 0 6 1 0 -1
1 0 3 1 0 2
tilted_haar_x2
-7.128404e-003 0 -1
3.152194e-001 -1.748233e-001 
1
3
16 5 8 14 0 -1
20 5 4 7 0 2
16 12 4 7 0 2
haar_x2_y2
1.099899e-001 0 -1
8.516844e-003 -7.988041e-001 
1
3
0 5 8 14 0 -1
0 5 4 7 0 2
4 12 4 7 0 2
haar_x2_y2
7.224262e-002 0 -1
-1.135650e-001 5.820111e-001 
1
2
21 3 3 2 0 -1
21 4 3 1 0 2
haar_y2
5.418296e-003 0 -1
3.444748e-002 -6.699021e-001 
-1.310311e+000

10
-1
