9
1
2
5 4 14 12 0 -1
5 7 14 6 0 2
haar_y4
-4.111807e-002 0 -1
6.191487e-001 -6.699653e-001 
1
2
2 4 20 6 0 -1
2 7 20 3 0 2
haar_y2
-5.657377e-002 0 -1
5.792642e-001 -3.455324e-001 
1
2
6 0 12 4 0 -1
6 1 12 2 0 2
haar_y4
2.112011e-002 0 -1
-1.768427e-001 8.585970e-001 
1
2
7 1 11 6 0 -1
7 4 11 3 0 2
haar_y2
3.707367e-002 0 -1
-2.525775e-001 6.837973e-001 
1
2
7 19 1 2 0 -1
7 20 1 1 0 2
haar_y2
3.922535e-004 0 -1
2.305776e-001 -7.031614e-001 
1
2
7 8 12 8 0 -1
10 8 6 8 0 2
haar_x4
-8.349826e-004 0 -1
2.241869e-001 -4.287912e-001 
1
2
7 18 1 3 0 -1
7 19 1 1 0 3
haar_y3
6.802364e-004 0 -1
2.117914e-001 -6.790308e-001 
1
3
4 9 20 8 0 -1
14 9 10 4 0 2
4 13 10 4 0 2
haar_x2_y2
-5.049533e-002 0 -1
4.283608e-001 -1.212375e-001 
1
2
5 1 3 8 0 -1
5 5 3 4 0 2
haar_y2
-2.672598e-002 0 -1
6.679934e-001 -2.012262e-001 
-1.204206e+000

0
-1
