8
1
2
5 4 14 12 0 -1
5 8 14 4 0 3
haar_y3
-4.214368e-002 0 -1
6.758681e-001 -7.608334e-001 
1
2
17 2 4 10 0 -1
17 2 4 5 0 2
tilted_haar_x2
3.985357e-003 0 -1
-2.909641e-001 1.740266e-001 
1
2
4 8 8 5 0 -1
8 8 4 5 0 2
haar_x2
-6.696868e-005 0 -1
3.488110e-001 -6.686416e-001 
1
2
8 2 8 3 0 -1
8 3 8 1 0 3
haar_y3
-3.734934e-003 0 -1
6.830834e-001 -3.029508e-001 
1
2
0 3 4 6 0 -1
1 3 2 6 0 2
haar_x4
4.177134e-003 0 -1
-2.498194e-001 7.385708e-001 
1
2
12 17 3 4 0 -1
12 19 3 2 0 2
haar_y2
-1.174297e-005 0 -1
2.997632e-001 -3.235502e-001 
1
2
0 3 24 18 0 -1
6 3 12 18 0 2
haar_x4
1.504304e-001 0 -1
-2.611614e-001 6.899613e-001 
1
2
19 1 2 16 0 -1
15 5 2 8 0 2
tilted_haar_x4
-5.506191e-002 0 -1
4.674309e-001 -1.086217e-001 
-1.392107e+000

-1
-1
