18
1
2
8 0 8 4 0 -1
8 1 8 2 0 2
haar_y4
1.810750e-002 0 -1
-2.829329e-001 8.332770e-001 
1
2
16 3 5 8 0 -1
16 3 5 4 0 2
tilted_haar_x2
-1.441175e-002 0 -1
-3.442612e-001 1.514750e-001 
1
3
0 10 20 6 0 -1
0 10 10 3 0 2
10 13 10 3 0 2
haar_x2_y2
1.437867e-002 0 -1
-4.269186e-001 3.024094e-001 
1
2
7 3 10 16 0 -1
7 3 5 16 0 2
haar_x2
-3.151091e-002 0 -1
-7.211227e-001 1.956936e-001 
1
2
7 5 6 8 0 -1
10 5 3 8 0 2
haar_x2
-2.255794e-002 0 -1
-8.009064e-001 1.189330e-001 
1
2
16 1 3 4 0 -1
16 3 3 2 0 2
haar_y2
-1.768763e-002 0 -1
-5.901664e-001 -3.433784e-002 
1
2
5 1 3 4 0 -1
5 3 3 2 0 2
haar_y2
8.291129e-003 0 -1
-2.157985e-001 5.429268e-001 
1
2
7 9 12 7 0 -1
11 9 4 7 0 3
haar_x3
-6.595199e-004 0 -1
1.615336e-001 -2.518361e-001 
1
2
4 8 12 9 0 -1
7 8 6 9 0 2
haar_x4
-1.744135e-005 0 -1
2.223493e-001 -5.465029e-001 
1
2
0 8 24 9 0 -1
8 11 8 3 0 9
haar_point
1.722124e-001 0 -1
-1.963678e-001 6.498237e-001 
1
2
5 1 14 16 0 -1
5 5 14 8 0 2
haar_y4
-1.771312e-001 0 -1
5.957281e-001 -1.568635e-001 
1
2
13 16 6 4 0 -1
13 18 6 2 0 2
haar_y2
-7.115641e-003 0 -1
-3.086933e-001 1.098090e-001 
1
2
5 16 6 4 0 -1
5 18 6 2 0 2
haar_y2
4.798746e-003 0 -1
1.578647e-001 -6.870329e-001 
1
2
20 7 4 3 0 -1
21 7 2 3 0 2
haar_x4
2.964011e-003 0 -1
-1.448318e-001 3.684416e-001 
1
2
3 0 12 6 0 -1
3 2 12 2 0 3
haar_y3
-2.329615e-002 0 -1
4.933227e-001 -2.080006e-001 
1
2
20 7 4 3 0 -1
21 7 2 3 0 2
haar_x4
1.908927e-005 0 -1
-8.077288e-002 1.175548e-001 
1
2
0 7 4 3 0 -1
1 7 2 3 0 2
haar_x4
1.971208e-003 0 -1
-2.484522e-001 3.910715e-001 
1
3
11 11 2 2 0 -1
12 11 1 1 0 2
11 12 1 1 0 2
haar_x2_y2
-1.148643e-005 0 -1
3.220829e-001 -2.759421e-001 
-1.243620e+000

2
-1
