26
1
2
0 0 24 2 0 -1
0 1 24 1 0 2
haar_y2
5.264800e-002 0 -1
-1.536226e-001 8.017215e-001 
1
2
21 3 3 8 0 -1
22 3 1 8 0 3
haar_x3
4.530123e-003 0 -1
-2.025961e-001 6.093600e-001 
1
3
7 10 8 4 0 -1
7 10 4 2 0 2
11 12 4 2 0 2
haar_x2_y2
1.653056e-002 0 -1
-1.281278e-001 6.542900e-001 
1
2
0 0 24 21 0 -1
8 7 8 7 0 9
haar_point
-8.623666e-001 0 -1
5.006470e-001 -1.722289e-001 
1
2
0 4 24 17 0 -1
6 4 12 17 0 2
haar_x4
1.158101e-001 0 -1
-1.760117e-001 4.799974e-001 
1
2
21 2 3 22 0 -1
22 2 1 22 0 3
haar_x3
1.181383e-002 0 -1
-1.543003e-001 5.282185e-001 
1
2
2 5 12 18 0 -1
6 5 4 18 0 3
haar_x3
-1.306106e-002 0 -1
2.797800e-001 -3.011704e-001 
1
2
15 2 4 12 0 -1
15 2 4 6 0 2
tilted_haar_x2
-5.088360e-002 0 -1
-3.151007e-001 4.560607e-002 
1
2
4 4 14 9 0 -1
11 4 7 9 0 2
haar_x2
2.363957e-002 0 -1
1.073139e-001 -7.717031e-001 
1
2
17 3 5 10 0 -1
17 3 5 5 0 2
tilted_haar_x2
6.997992e-002 0 -1
4.143458e-002 -5.042045e-001 
1
2
7 8 6 1 0 -1
10 8 3 1 0 2
haar_x2
-1.441568e-003 0 -1
-4.558692e-001 1.699397e-001 
1
2
6 8 12 9 0 -1
10 8 4 9 0 3
haar_x3
-3.779361e-003 0 -1
1.738558e-001 -4.798132e-001 
1
2
7 2 8 4 0 -1
7 4 8 2 0 2
haar_y2
2.089513e-002 0 -1
-1.895374e-001 4.586559e-001 
1
2
14 12 5 6 0 -1
14 12 5 3 0 2
tilted_haar_x2
7.932846e-002 0 -1
1.861724e-002 -8.015462e-001 
1
2
10 12 6 5 0 -1
10 12 3 5 0 2
tilted_haar_x2
-1.821044e-002 0 -1
-6.697624e-001 1.068358e-001 
1
2
16 3 6 10 0 -1
16 3 6 5 0 2
tilted_haar_x2
2.647976e-002 0 -1
6.741074e-002 -2.701519e-001 
1
2
9 5 2 2 0 -1
9 6 2 1 0 2
haar_y2
8.931713e-004 0 -1
9.606212e-002 -7.905590e-001 
1
2
9 3 6 3 0 -1
9 4 6 1 0 3
haar_y3
-1.692852e-003 0 -1
3.645380e-001 -2.204066e-001 
1
2
0 3 3 16 0 -1
1 3 1 16 0 3
haar_x3
9.606845e-003 0 -1
-1.650510e-001 5.054304e-001 
1
2
20 4 4 17 0 -1
21 4 2 17 0 2
haar_x4
-2.258916e-003 0 -1
2.714586e-001 -1.185412e-001 
1
2
0 4 4 17 0 -1
1 4 2 17 0 2
haar_x4
-1.128478e-002 0 -1
5.706945e-001 -1.191009e-001 
1
2
18 3 6 6 0 -1
20 3 2 6 0 3
haar_x3
1.973764e-003 0 -1
-1.687792e-001 2.148335e-001 
1
2
8 20 8 2 0 -1
8 21 8 1 0 2
haar_y2
2.925553e-003 0 -1
9.638604e-002 -6.787288e-001 
1
2
18 3 6 6 0 -1
20 3 2 6 0 3
haar_x3
-5.122655e-002 0 -1
-9.489201e-001 -9.803046e-003 
1
2
11 3 13 3 0 -1
10 4 13 1 0 3
tilted_haar_y3
-1.468410e-002 0 -1
-9.225587e-001 6.633394e-002 
1
2
2 6 20 8 0 -1
2 8 20 4 0 2
haar_y4
-1.210425e-002 0 -1
1.189716e-001 -4.616165e-001 
-1.360317e+000

7
-1
