19
1
2
10 7 1 2 0 -1
10 8 1 1 0 2
haar_y2
-2.107141e-005 0 -1
2.537379e-001 -5.688317e-001 
1
2
5 0 14 6 0 -1
5 2 14 2 0 3
haar_y3
2.865522e-002 0 -1
-3.060671e-001 4.492886e-001 
1
3
4 10 16 12 0 -1
4 10 8 6 0 2
12 16 8 6 0 2
haar_x2_y2
3.889873e-002 0 -1
-2.840377e-001 3.869982e-001 
1
2
13 6 1 6 0 -1
13 8 1 2 0 3
haar_y3
2.104262e-005 0 -1
-1.013900e-001 2.710781e-001 
1
2
2 9 16 3 0 -1
10 9 8 3 0 2
haar_x2
-4.564572e-003 0 -1
1.543152e-001 -5.431636e-001 
1
2
16 2 4 14 0 -1
16 2 4 7 0 2
tilted_haar_x2
-6.680541e-002 0 -1
-3.891832e-001 8.316324e-002 
1
2
2 1 20 20 0 -1
2 11 20 10 0 2
haar_y2
-3.055673e-001 0 -1
-8.009831e-001 1.265753e-001 
1
2
13 18 1 2 0 -1
13 19 1 1 0 2
haar_y2
4.811427e-004 0 -1
5.495678e-002 -5.860519e-001 
1
2
11 18 2 1 0 -1
12 18 1 1 0 2
haar_x2
-1.164177e-005 0 -1
3.386209e-001 -2.744308e-001 
1
2
3 15 18 2 0 -1
3 16 18 1 0 2
haar_y2
6.989804e-003 0 -1
1.085599e-001 -7.600216e-001 
1
2
0 5 24 9 0 -1
0 8 24 3 0 3
haar_y3
-2.509250e-002 0 -1
1.628683e-001 -4.197945e-001 
1
2
13 1 6 4 0 -1
13 2 6 2 0 2
haar_y4
-1.163187e-003 0 -1
2.927917e-001 -2.216545e-001 
1
2
5 18 2 1 0 -1
6 18 1 1 0 2
haar_x2
1.161172e-005 0 -1
-2.699338e-001 3.047841e-001 
1
2
18 1 6 20 0 -1
20 1 2 20 0 3
haar_x3
6.528710e-002 0 -1
-3.457255e-002 4.502821e-001 
1
2
0 1 6 20 0 -1
2 1 2 20 0 3
haar_x3
1.673667e-002 0 -1
-2.510999e-001 3.377136e-001 
1
2
10 17 4 3 0 -1
10 18 4 1 0 3
haar_y3
2.080074e-003 0 -1
1.178785e-001 -7.039983e-001 
1
2
8 10 1 2 0 -1
8 11 1 1 0 2
haar_y2
-1.162038e-005 0 -1
2.850413e-001 -2.918612e-001 
1
3
13 7 4 2 0 -1
15 7 2 1 0 2
13 8 2 1 0 2
haar_x2_y2
2.403487e-003 0 -1
3.912896e-002 -6.132615e-001 
1
2
8 2 3 3 0 -1
8 3 3 1 0 3
haar_y3
-4.905731e-003 0 -1
5.189559e-001 -1.677686e-001 
-1.291607e+000

6
-1
