36
1
2
8 6 12 1 0 -1
12 10 4 1 0 3
tilted_haar_x3
-2.048171e-002 0 -1
3.674174e-001 -2.757834e-001 
1
2
16 5 7 12 0 -1
13 8 7 6 0 2
tilted_haar_x4
-1.538397e-002 0 -1
1.035729e-001 -6.826950e-002 
1
2
0 10 10 6 0 -1
5 10 5 6 0 2
haar_x2
2.084014e-002 0 -1
-2.078138e-001 4.113376e-001 
1
2
10 3 10 12 0 -1
10 7 10 4 0 3
haar_y3
-7.470178e-003 0 -1
8.706397e-002 -3.574887e-001 
1
2
9 12 3 4 0 -1
10 13 1 4 0 3
tilted_haar_x3
4.597415e-003 0 -1
1.112094e-001 -6.516532e-001 
1
3
0 6 24 12 0 -1
12 6 12 6 0 2
0 12 12 6 0 2
haar_x2_y2
-1.964758e-001 0 -1
-8.792753e-001 7.339939e-002 
1
3
8 10 6 4 0 -1
8 10 3 2 0 2
11 12 3 2 0 2
haar_x2_y2
1.465869e-002 0 -1
-1.057472e-001 6.107219e-001 
1
3
9 8 10 6 0 -1
14 8 5 3 0 2
9 11 5 3 0 2
haar_x2_y2
-6.976932e-002 0 -1
8.209798e-001 -1.044561e-003 
1
2
10 12 2 3 0 -1
10 13 2 1 0 3
haar_y3
-1.072107e-003 0 -1
-6.151451e-001 9.632757e-002 
1
2
15 8 6 8 0 -1
15 8 3 8 0 2
tilted_haar_y2
-5.891989e-002 0 -1
-1.557628e-001 4.206557e-002 
1
2
9 8 6 6 0 -1
9 8 6 3 0 2
tilted_haar_y2
-2.959456e-002 0 -1
2.220150e-001 -2.751285e-001 
1
3
4 1 16 22 0 -1
12 1 8 11 0 2
4 12 8 11 0 2
haar_x2_y2
-2.273865e-001 0 -1
5.629551e-001 -1.193609e-001 
1
2
0 0 24 2 0 -1
0 1 24 1 0 2
haar_y2
6.486951e-002 0 -1
-8.609059e-002 6.373614e-001 
1
2
7 6 12 3 0 -1
11 7 4 1 0 9
haar_point
-1.011870e-002 0 -1
-2.972058e-001 1.049953e-001 
1
2
5 6 12 3 0 -1
9 7 4 1 0 9
haar_point
2.072146e-002 0 -1
8.457974e-002 -7.365335e-001 
1
2
21 7 3 3 0 -1
22 7 1 3 0 3
haar_x3
1.822749e-003 0 -1
-2.018292e-001 3.723054e-001 
1
2
9 8 6 8 0 -1
9 10 6 4 0 2
haar_y4
1.274201e-002 0 -1
-1.340826e-001 4.789130e-001 
1
2
21 3 3 21 0 -1
22 3 1 21 0 3
haar_x3
9.475004e-003 0 -1
-1.758351e-001 4.151937e-001 
1
2
6 1 16 3 0 -1
6 1 8 3 0 2
tilted_haar_x2
9.035988e-003 0 -1
-3.839663e-001 1.988893e-001 
1
2
9 2 6 3 0 -1
9 3 6 1 0 3
haar_y3
-1.694061e-003 0 -1
2.338382e-001 -2.227436e-001 
1
2
0 3 3 21 0 -1
1 3 1 21 0 3
haar_x3
1.403355e-002 0 -1
-1.318447e-001 4.189951e-001 
1
2
12 12 3 3 0 -1
13 12 1 3 0 3
haar_x3
-4.293348e-003 0 -1
-7.840836e-001 3.360186e-002 
1
2
9 12 3 3 0 -1
10 12 1 3 0 3
haar_x3
1.401072e-003 0 -1
7.820369e-002 -6.229435e-001 
1
2
16 3 5 10 0 -1
16 3 5 5 0 2
tilted_haar_x2
1.003847e-001 0 -1
-1.485756e-003 -9.999784e-001 
1
2
10 13 3 1 0 -1
11 14 1 1 0 3
tilted_haar_x3
-1.529393e-003 0 -1
-6.096676e-001 7.810386e-002 
1
2
17 2 5 12 0 -1
17 2 5 6 0 2
tilted_haar_x2
3.508125e-002 0 -1
3.435022e-002 -1.550782e-001 
1
2
7 2 12 5 0 -1
7 2 6 5 0 2
tilted_haar_x2
8.729391e-002 0 -1
1.054270e-001 -4.587734e-001 
1
2
16 10 2 2 0 -1
16 11 2 1 0 2
haar_y2
-4.149780e-003 0 -1
-6.105465e-001 2.894699e-003 
1
2
6 10 2 2 0 -1
6 11 2 1 0 2
haar_y2
-1.151213e-005 0 -1
2.075169e-001 -2.351969e-001 
1
2
16 2 4 4 0 -1
17 3 2 4 0 2
tilted_haar_y4
1.272309e-002 0 -1
2.039567e-002 -4.432625e-001 
1
2
8 2 4 4 0 -1
7 3 4 2 0 2
tilted_haar_y4
2.634240e-003 0 -1
-2.152907e-001 2.526382e-001 
1
2
11 5 9 7 0 -1
14 5 3 7 0 3
haar_x3
-5.146876e-003 0 -1
1.089518e-001 -1.006700e-001 
1
2
5 8 12 7 0 -1
8 8 6 7 0 2
haar_x4
-3.532214e-003 0 -1
1.329646e-001 -4.363721e-001 
1
2
21 9 3 6 0 -1
21 12 3 3 0 2
haar_y2
2.472893e-002 0 -1
2.141198e-002 -9.124902e-001 
1
2
0 9 3 6 0 -1
0 12 3 3 0 2
haar_y2
8.439968e-003 0 -1
8.237308e-002 -5.722889e-001 
1
2
10 17 4 3 0 -1
10 18 4 1 0 3
haar_y3
3.150278e-003 0 -1
4.335458e-002 -8.511207e-001 
-1.318342e+000

13
-1
