18
1
2
11 2 4 6 0 -1
11 2 4 3 0 2
tilted_haar_y2
1.315404e-002 0 -1
-5.708979e-001 3.280080e-001 
1
2
5 11 14 12 0 -1
5 14 14 6 0 2
haar_y4
8.949137e-002 0 -1
-2.587732e-001 6.033250e-001 
1
2
1 0 8 6 0 -1
1 3 8 3 0 2
haar_y2
4.061767e-002 0 -1
-1.690375e-001 5.957144e-001 
1
2
6 9 16 3 0 -1
6 9 8 3 0 2
haar_x2
1.682152e-002 0 -1
-8.166080e-002 2.845225e-001 
1
2
6 6 12 10 0 -1
10 6 4 10 0 3
haar_x3
-8.230949e-003 0 -1
2.399342e-001 -4.840665e-001 
1
2
12 1 4 4 0 -1
12 2 4 2 0 2
haar_y4
-9.663342e-003 0 -1
5.209520e-001 -4.281823e-002 
1
2
0 0 16 3 0 -1
0 1 16 1 0 3
haar_y3
1.412585e-002 0 -1
-1.666187e-001 5.646610e-001 
1
2
9 8 6 8 0 -1
9 10 6 4 0 2
haar_y4
1.047828e-002 0 -1
-1.585461e-001 5.839636e-001 
1
2
10 8 1 2 0 -1
10 9 1 1 0 2
haar_y2
-2.289564e-005 0 -1
2.456928e-001 -3.804518e-001 
1
2
0 3 24 18 0 -1
6 3 12 18 0 2
haar_x4
-2.375160e-001 0 -1
5.216857e-001 -1.751362e-001 
1
2
8 19 1 2 0 -1
8 20 1 1 0 2
haar_y2
-2.286429e-005 0 -1
2.800924e-001 -3.269833e-001 
1
2
12 1 4 4 0 -1
12 2 4 2 0 2
haar_y4
4.642026e-003 0 -1
-6.531982e-002 2.541770e-001 
1
2
8 1 4 4 0 -1
8 2 4 2 0 2
haar_y4
-4.673954e-003 0 -1
4.580785e-001 -2.047039e-001 
1
2
12 5 6 12 0 -1
12 5 3 12 0 2
tilted_haar_y2
7.803485e-002 0 -1
5.740635e-002 -4.204050e-001 
1
2
0 5 2 17 0 -1
1 5 1 17 0 2
haar_x2
1.288613e-002 0 -1
-1.393456e-001 5.675271e-001 
1
2
16 9 4 7 0 -1
16 9 2 7 0 2
tilted_haar_y2
3.307861e-003 0 -1
5.143983e-002 -1.206362e-001 
1
2
8 9 7 4 0 -1
8 9 7 2 0 2
tilted_haar_y2
3.250706e-002 0 -1
-1.038995e-001 7.506714e-001 
1
2
10 6 4 3 0 -1
10 7 4 1 0 3
haar_y3
3.136161e-003 0 -1
1.230250e-001 -7.995154e-001 
-1.224020e+000

5
-1
