25
1
2
6 0 11 4 0 -1
6 1 11 2 0 2
haar_y4
1.449076e-002 0 -1
-2.991629e-001 6.041830e-001 
1
2
1 5 22 4 0 -1
1 7 22 2 0 2
haar_y2
-2.805675e-002 0 -1
3.384524e-001 -3.204945e-001 
1
2
5 1 9 4 0 -1
5 2 9 2 0 2
haar_y4
-8.473430e-003 0 -1
4.456398e-001 -1.777357e-001 
1
2
5 0 19 6 0 -1
5 2 19 2 0 3
haar_y3
3.963068e-002 0 -1
-1.866312e-001 3.824196e-001 
1
2
10 2 4 20 0 -1
10 7 4 10 0 2
haar_y4
-9.110323e-002 0 -1
-8.655607e-001 8.024276e-002 
1
2
8 6 12 12 0 -1
11 6 6 12 0 2
haar_x4
-5.146203e-003 0 -1
1.422020e-001 -2.549805e-001 
1
2
5 10 4 6 0 -1
5 13 4 3 0 2
haar_y2
-2.008916e-002 0 -1
6.518016e-001 -9.486175e-002 
1
2
5 11 14 12 0 -1
5 14 14 6 0 2
haar_y4
9.235873e-002 0 -1
-1.587633e-001 4.839578e-001 
1
2
4 6 12 11 0 -1
8 6 4 11 0 3
haar_x3
1.542528e-002 0 -1
1.019111e-001 -6.510673e-001 
1
2
12 1 7 4 0 -1
12 3 7 2 0 2
haar_y2
5.091712e-003 0 -1
-1.094199e-001 1.830072e-001 
1
2
6 6 6 7 0 -1
9 6 3 7 0 2
haar_x2
-2.411673e-002 0 -1
-7.729746e-001 8.564641e-002 
1
2
16 10 1 12 0 -1
13 13 1 6 0 2
tilted_haar_x4
-1.842200e-002 0 -1
4.165623e-001 -4.710712e-002 
1
2
5 1 2 4 0 -1
5 3 2 2 0 2
haar_y2
5.769959e-003 0 -1
-1.659548e-001 3.459909e-001 
1
2
17 12 2 3 0 -1
16 13 2 1 0 3
tilted_haar_x3
-4.529798e-003 0 -1
-5.657807e-001 5.730768e-002 
1
2
7 13 3 1 0 -1
8 14 1 1 0 3
tilted_haar_x3
9.000261e-004 0 -1
1.120970e-001 -4.535540e-001 
1
2
18 4 3 6 0 -1
19 6 1 2 0 9
haar_point
9.745590e-003 0 -1
-5.928282e-002 1.786750e-001 
1
2
8 10 12 1 0 -1
11 13 6 1 0 2
tilted_haar_x4
-4.878666e-003 0 -1
2.532180e-001 -1.801473e-001 
1
2
16 9 1 10 0 -1
16 14 1 5 0 2
haar_y2
3.531317e-005 0 -1
-1.239655e-001 4.066123e-002 
1
2
7 3 10 6 0 -1
7 3 5 6 0 2
tilted_haar_x2
7.625980e-002 0 -1
1.283679e-001 -4.113159e-001 
1
2
19 2 1 16 0 -1
19 2 1 8 0 2
tilted_haar_x2
2.596086e-002 0 -1
3.033104e-002 -5.303972e-001 
1
2
2 0 19 22 0 -1
2 11 19 11 0 2
haar_y2
-6.888290e-002 0 -1
2.340913e-001 -2.648747e-001 
1
2
15 8 6 6 0 -1
15 8 3 6 0 2
tilted_haar_y2
-8.392195e-002 0 -1
2.920443e-001 -5.158822e-002 
1
3
4 11 4 6 0 -1
4 11 2 3 0 2
6 14 2 3 0 2
haar_x2_y2
3.592147e-003 0 -1
-1.966619e-001 2.587624e-001 
1
2
22 5 2 18 0 -1
22 11 2 6 0 3
haar_y3
-4.289020e-002 0 -1
-7.362362e-001 3.804380e-002 
1
2
8 10 6 8 0 -1
6 12 6 4 0 2
tilted_haar_y4
-2.514446e-002 0 -1
4.087468e-001 -1.250428e-001 
-1.184076e+000

12
-1
