16
1
2
4 11 16 4 0 -1
8 11 8 4 0 2
haar_x4
-2.002968e-002 0 -1
3.903140e-001 -3.647686e-001 
1
2
0 11 24 9 0 -1
6 11 12 9 0 2
haar_x4
4.846918e-002 0 -1
-2.956902e-001 5.477433e-001 
1
2
0 7 4 3 0 -1
1 7 2 3 0 2
haar_x4
2.184749e-003 0 -1
-2.532987e-001 4.584303e-001 
1
2
6 7 12 2 0 -1
6 8 12 1 0 2
haar_y2
-1.268361e-003 0 -1
1.989446e-001 -5.631347e-001 
1
2
2 5 3 6 0 -1
3 5 1 6 0 3
haar_x3
4.637727e-003 0 -1
-1.600135e-001 6.046053e-001 
1
2
5 6 16 3 0 -1
5 7 16 1 0 3
haar_y3
7.546778e-003 0 -1
1.228774e-001 -7.561603e-001 
1
2
10 7 4 4 0 -1
11 7 2 4 0 2
haar_x4
-2.593769e-003 0 -1
5.549608e-001 -1.687057e-001 
1
2
11 4 3 7 0 -1
12 4 1 7 0 3
haar_x3
2.324879e-003 0 -1
-1.050143e-001 4.102650e-001 
1
2
10 4 3 7 0 -1
11 4 1 7 0 3
haar_x3
1.748374e-003 0 -1
-2.122203e-001 4.734543e-001 
1
2
16 9 1 12 0 -1
12 13 1 4 0 3
tilted_haar_x3
5.404792e-002 0 -1
1.620587e-002 -8.413306e-001 
1
2
2 4 7 2 0 -1
2 5 7 1 0 2
haar_y2
1.467193e-003 0 -1
1.578106e-001 -5.862274e-001 
1
2
3 21 18 3 0 -1
3 21 9 3 0 2
haar_x2
-3.474293e-002 0 -1
4.447724e-001 -2.119729e-001 
1
2
8 5 8 5 0 -1
8 5 4 5 0 2
tilted_haar_x2
-2.922530e-002 0 -1
-7.457467e-001 1.206417e-001 
1
2
15 4 4 18 0 -1
15 13 4 9 0 2
haar_y2
-2.111527e-002 0 -1
-4.113854e-001 5.260245e-002 
1
3
5 3 14 20 0 -1
5 3 7 10 0 2
12 13 7 10 0 2
haar_x2_y2
-3.486947e-002 0 -1
4.995928e-001 -1.687590e-001 
1
2
10 18 4 3 0 -1
10 19 4 1 0 3
haar_y3
2.338720e-003 0 -1
1.029783e-001 -8.000397e-001 
-1.218733e+000

8
-1
