17
1
2
8 0 8 4 0 -1
8 1 8 2 0 2
haar_y4
1.942078e-002 0 -1
-2.656151e-001 7.700109e-001 
1
2
14 4 4 2 0 -1
14 4 4 1 0 2
tilted_haar_x2
-2.581194e-003 0 -1
-4.310609e-001 1.546951e-001 
1
2
8 4 8 5 0 -1
10 4 4 5 0 2
haar_x4
-9.504288e-003 0 -1
-8.409883e-001 1.567825e-001 
1
2
11 3 8 10 0 -1
11 3 4 10 0 2
haar_x2
-4.082282e-002 0 -1
-5.437151e-001 4.087262e-002 
1
2
5 3 8 10 0 -1
9 3 4 10 0 2
haar_x2
1.200672e-002 0 -1
2.099800e-001 -8.169960e-001 
1
2
12 15 1 2 0 -1
12 15 1 1 0 2
tilted_haar_x2
-1.549358e-003 0 -1
-3.436398e-001 6.398691e-002 
1
2
8 12 4 6 0 -1
9 12 2 6 0 2
haar_x4
-2.994778e-003 0 -1
-6.669396e-001 1.645690e-001 
1
2
13 4 2 12 0 -1
13 10 2 6 0 2
haar_y2
-3.214210e-002 0 -1
-8.907140e-001 2.698373e-003 
1
2
9 4 2 12 0 -1
9 10 2 6 0 2
haar_y2
9.717264e-003 0 -1
1.336997e-001 -8.325232e-001 
1
3
12 6 4 2 0 -1
14 6 2 1 0 2
12 7 2 1 0 2
haar_x2_y2
7.019910e-004 0 -1
7.092426e-002 -3.974274e-001 
1
3
8 6 4 2 0 -1
8 6 2 1 0 2
10 7 2 1 0 2
haar_x2_y2
-9.695500e-004 0 -1
-6.508683e-001 1.469520e-001 
1
2
13 3 4 13 0 -1
14 4 2 13 0 2
tilted_haar_y4
2.063075e-002 0 -1
2.254955e-002 -5.737867e-001 
1
2
11 3 13 4 0 -1
10 4 13 2 0 2
tilted_haar_y4
1.141352e-002 0 -1
1.377311e-001 -6.605191e-001 
1
2
8 0 14 6 0 -1
8 3 14 3 0 2
haar_y2
3.621942e-002 0 -1
-2.031177e-001 4.260705e-001 
1
2
6 2 16 3 0 -1
6 2 8 3 0 2
tilted_haar_x2
5.197048e-002 0 -1
1.477270e-001 -6.845782e-001 
1
2
13 14 1 4 0 -1
13 14 1 2 0 2
tilted_haar_x2
8.005928e-003 0 -1
-4.241765e-003 -3.545524e-001 
1
2
12 15 2 1 0 -1
12 15 1 1 0 2
tilted_haar_x2
-1.272624e-003 0 -1
-6.709732e-001 1.354707e-001 
-1.177913e+000

4
-1
