11
1
2
9 0 6 4 0 -1
9 1 6 2 0 2
haar_y4
1.137468e-002 0 -1
-3.070577e-001 8.192925e-001 
1
2
20 2 1 15 0 -1
15 7 1 5 0 3
tilted_haar_x3
-4.724956e-002 0 -1
5.125903e-001 -1.356305e-002 
1
2
4 2 15 1 0 -1
9 7 5 1 0 3
tilted_haar_x3
-1.642663e-002 0 -1
3.540203e-001 -5.106946e-001 
1
2
7 2 10 4 0 -1
7 4 10 2 0 2
haar_y2
2.352400e-002 0 -1
-2.361760e-001 6.174868e-001 
1
2
0 4 4 10 0 -1
1 4 2 10 0 2
haar_x4
7.915087e-003 0 -1
-1.993181e-001 6.269230e-001 
1
2
13 3 6 8 0 -1
13 3 6 4 0 2
tilted_haar_x2
-4.274754e-002 0 -1
-6.430048e-001 1.366368e-001 
1
2
5 5 12 9 0 -1
11 5 6 9 0 2
haar_x2
2.523682e-002 0 -1
1.697644e-001 -8.257713e-001 
1
2
18 2 3 16 0 -1
18 2 3 8 0 2
tilted_haar_x2
9.840529e-002 0 -1
2.049106e-002 -7.863314e-001 
1
2
6 2 16 3 0 -1
6 2 8 3 0 2
tilted_haar_x2
6.260625e-002 0 -1
1.974222e-001 -8.084716e-001 
1
2
9 2 7 22 0 -1
9 13 7 11 0 2
haar_y2
1.399215e-001 0 -1
1.490690e-001 -7.485404e-001 
1
2
0 3 24 18 0 -1
6 3 12 18 0 2
haar_x4
1.375136e-001 0 -1
-2.738549e-001 4.865390e-001 
-1.102423e+000

1
-1
